# Created by Octave 4.4.1, Wed May 27 04:17:38 2020 +07 <thiennd@thiennd-macpro.local>
# name: A
# type: matrix
# rows: 3
# columns: 3
 0.26457003981036281 0.47362339863707453 0.51289449141417076
 0.1942396351814642 0.85074533080261927 0.67387926228173956
 0.38591600686926469 0.53514286636727315 0.79754862034495855


